D:\Python36\python.exe E:/Python/bid_clf/single_label.py
Opened database successfully
select id,segment,labels from train;
doc_to_vector done in 1.931781s
train:n_samples: 60228, n_features: 50088
test:n_samples: 6000, n_features: 50088
select_feature done in 0.211636s
accuracy:   0.547
classification report:
             precision    recall  f1-score   support

       交通运输       0.52      0.71      0.60       425
         其它       0.75      0.07      0.14        80
       农林牧渔       0.58      0.73      0.64       281
    冶金矿产原材料       0.45      0.61      0.52       334
       出版印刷       0.51      0.81      0.63       204
         化工       0.57      0.69      0.62       287
       医疗卫生       0.55      0.88      0.67       267
       商业服务       0.54      0.37      0.44       329
       园林绿化       0.51      0.85      0.64       208
    市政房地产建筑       0.62      0.40      0.49       771
     机械电子电器       0.50      0.20      0.28       741
       水利桥梁       0.61      0.69      0.65       364
         环保       0.52      0.59      0.55       255
     科技文教旅游       0.50      0.28      0.36       318
    网络通讯计算机       0.59      0.75      0.66       448
         能源       0.54      0.58      0.56       379
     轻工纺织食品       0.56      0.57      0.57       309

avg / total       0.55      0.55      0.52      6000

confusion matrix:
[[302   0   4  10   3   1   3  13  16  17   4  10  12   2  13   8   7]
 [  4   6   2   3   0   3   0   2  13   1   3   3   0   1   3  36   0]
 [  3   0 204   5   1   3  12   4  10   8   3  11   4   0   4   3   6]
 [ 22   1   5 203   1  21   3   2   5   3  28   5   3   0  10  14   8]
 [  5   0   2   2 166   3   0   4   0   1   2   2   1   5   3   1   7]
 [  8   0  12  20   0 197   4   2   1   5  15   5   0   2   4   9   3]
 [  0   0   4   3   2   0 235   2   1   5   7   0   1   1   3   0   3]
 [ 27   0  12  12  22   5  13 122   6  19  10   8  17   6  26  11  13]
 [  6   0   9   0   2   0   1   3 176   7   1   2   1   0   0   0   0]
 [ 83   0  43  21   9   7  20  14  88 309   9  71  34   8  23  25   7]
 [ 40   0  18  88  24  43  77  13   5  27 145   7  33  40  85  43  53]
 [ 23   0  11  10   4   3   1   2   7  19   1 252  21   1   3   2   4]
 [ 11   0   6   8   4   5  13   3   4  10   2  19 151   2   6   6   5]
 [  8   0   7  11  55   5  16  16   4  36  20   2   3  88  20  12  15]
 [  8   0   5   4  14   2  16   9   1   9  14   4   3  13 334   8   4]
 [ 11   1   2  29   2  36   6   4   3  16   9   9   5   3  20 218   5]
 [ 15   0   6  19  16  13  11   9   2   5  15   2   4   4   6   5 177]]

OneVsRestClassifier 0.5475

Process finished with exit code 0
